0.0608649 0.0298755 -0.09916655 -0.02809485 -0.009600882 -0.01693844 -0.01828136
0.01733915 0.02614357 0.05238189 0.003889687 -0.03753578 -0.03681621 -0.01339675
0.03304906 0.03049651 -0.03253865 -0.005293461 -0.01045687 0.01033846 0.009918253
-0.07055693 -0.09177544 -0.04086389 -0.04840301 -0.01580605 -0.04445017 -0.02623034
0.05619728 0.05445024 -0.02239984 0.04431861 -0.01564739 0.01118079 0.02276127
0.04767792 0.03353219 -0.037052 -0.07462529 -0.01166702 -0.03893602 -0.0508203
0.05651655 0.05392237 -0.01803438 -0.008397547 -0.02086501 -0.004864327 0.02327719
0.03238635 0.02689626 -0.02945821 0.05073843 -0.001261597 0.005151225 -0.006666915
0.006259701 -0.003370602 -0.02691159 -0.0647515 -0.06015254 0.02983976 0.1156919
0.004363273 0.006503831 -0.02374417 -0.04556185 -0.03226048 0.04628855 0.08734147
0.06087868 0.07115589 0.02441342 0.03738589 0.01061913 0.01018627 0.02636653
-0.00556818 -0.005148477 0.000243931 -0.04998056 -0.001714407 -0.0329735 -0.03525845
0.08590881 0.07842346 -0.001815315 0.01321761 -0.006384377 0.02501186 0.01113289
-0.006244589 -0.03198273 -0.03234999 -0.03662028 -0.02273485 -0.01933492 0.00734263
0.01118994 0.01233072 0.001410665 0.02923049 -0.01210354 -0.02014723 -0.0160613
0.008223658 0.01234518 -0.001780247 -0.007386582 -0.002652341 0.02594233 0.0564936
0.05825819 0.04409266 -0.03956073 -0.02168551 -0.005218444 0.04944807 0.08241712
0.03981335 0.03505445 -0.02692449 -0.003961565 0.01043595 0.00755134 -0.02258592
0.03655136 0.03810994 -0.03505334 -0.01942822 0.04596568 0.04587711 0.03591687
-0.00582828 -0.006625188 -0.02284652 -0.02190038 -0.01201028 -0.02940365 -0.02023592
-0.05554324 -0.06010828 0.005888259 -0.06950748 -0.01930276 -0.04882673 -0.03132751
0.0228359 0.02317831 -0.004194499 -0.03356953 -0.03255722 0.02231934 0.07537475
0.05382456 0.04281197 -0.07159276 -0.04980015 -0.07092137 -0.03439708 0.01130891
0.03859832 0.03582682 -0.01964626 -0.03737466 0.06783745 0.01093097 -0.05685509
-0.006605125 -0.01994919 -0.05364963 -0.03466106 0.006126133 0.0457779 0.05374933
0.03871655 0.01882576 -0.10971 -0.03297819 0.01575406 -0.0208448 -0.02552826
0.00769749 -0.002030016 -0.018215 0.01169861 -0.001827846 0.02214816 0.02101232
-0.01074097 -0.005115627 0.03072649 0.04218908 -0.04230809 0.02304039 0.06593185
0.04662266 0.02059879 -0.06892023 -0.0538493 0.005780265 0.02092849 0.003123635
-0.01029756 -0.02440314 -0.04282961 0.02563149 -0.0168425 -0.01490889 0.02573645
-0.05356826 -0.04350288 0.03523651 -0.08244395 -0.01120368 -0.03880723 -0.02473265
0.04681802 0.06509439 0.04462144 -0.03038348 0.02481918 -0.02660716 -0.05790041
-0.02152756 -0.01921787 0.03662924 0.008785954 0.01705766 -0.02354857 -0.02750306
0.03921232 0.03720879 0.01082061 -0.03009531 -0.001839997 -0.04304629 -0.04157071
0.006792975 0.003949958 0.02023597 0.06522232 -0.00106123 0.01141727 -0.002825041
0.09933563 0.1087572 -0.006371373 0.009883795 0.006884099 0.009307545 -0.00649819
-0.02078889 -0.01817388 0.02260167 0.01037878 -0.02383353 0.0127155 0.02756124
-0.02445639 -0.03275817 -0.07068381 0.05538743 -0.004428185 -0.01464565 -0.01737053
-0.06845317 -0.05642456 0.03588927 -0.03139151 0.004046905 -0.007331649 -0.03840905
0.04030641 0.03410904 0.005989853 0.002781815 -0.007669686 0.03933901 0.03705748
-0.02338242 -0.02119204 0.006464938 0.04433611 0.03395425 -0.04495049 -0.09543047
0.08151033 0.09103165 -0.02213774 0.03191085 -0.01385881 -0.01490156 -0.02171174
-0.02348959 -0.03866393 0.002022366 -0.03101622 -0.03862909 -0.0238898 0.009454225
0.0258007 0.01497252 -0.03014773 -0.02602 0.01486441 -0.04054362 -0.07530908
-0.008212053 -0.001428166 0.02247545 -0.01502169 0.01522974 -0.05875812 -0.07263053
-0.003885305 -0.004492434 0.002988444 0.0009181449 -0.012483 -0.02820602 -0.03678614
0.1061941 0.1062572 0.03179571 0.08456817 0.04861925 0.06418606 0.02546026
0.007900855 0.005585012 -0.01396861 -0.002632169 0.02397094 -0.05045942 -0.1099853
0.0032865 0.003468788 0.05632489 -0.004159726 -0.02368267 -0.004144931 0.02810079
-0.0159721 -0.01345198 -0.02901856 -0.02357021 -0.02381537 -0.0250763 0.007505179
0.03724421 0.04189993 0.03005939 0.04653407 0.01236665 0.05067311 0.04455696
0.03514051 0.05096242 0.01696333 -0.0331506 -0.04202185 -0.02056763 -0.01691514
0.02276942 0.01251199 0.00903694 0.02778227 -0.08119039 -0.02503807 0.02682238
0.02858903 0.02692392 0.001508715 0.0106793 0.01107568 -0.0009743761 0.007418066
-0.04305251 -0.03311788 0.09175412 0.01705639 -0.01959527 0.0235952 0.05530744
-0.03199442 -0.03116729 -0.01476534 -0.02133636 -0.0266274 -0.00154814 0.03346844
-0.002341939 -0.004318166 -0.0600814 -0.00372238 -0.02029514 0.008282301 0.007636355
-0.04270737 -0.02581041 0.05795695 -0.01183009 -0.01070371 -0.01550143 -0.01469771
0.01676426 0.008966052 -0.04145524 0.001533639 0.04878407 -0.009912427 -0.06853063
0.05865079 0.03843991 -0.07897293 0.01807209 -0.01676292 0.02209237 0.04859123
0.1160326 0.1203475 -0.03992307 -0.009991153 0.005190043 0.06211143 0.07868088
0.02594075 0.0118101 -0.06627638 0.02502676 -0.01045691 -0.05792557 -0.07667101
-0.04471018 -0.05138849 -0.01636019 -0.01541276 0.01574589 -0.02653101 -0.04159396
0.02851267 0.01957589 -0.01827589 0.04002097 -0.04016465 0.003362886 0.03834118
0.0652278 0.04497325 -0.0684733 -0.05102005 0.00535431 0.02919895 0.03603597
-0.003605139 -0.009989895 -0.01054641 0.03379391 -0.0003732669 0.02076942 0.02679363
0.05194774 0.06172226 0.02702295 0.02199073 -0.001954788 0.06728614 0.08761719
0.05395084 0.05459408 -0.01402019 -0.01240293 0.01918386 -0.06974345 -0.09728516
-0.004428719 0.002242772 -0.01581362 -0.03448918 -0.02135044 0.01255091 0.05793459
-0.0339002 -0.02764143 0.01541508 0.02062134 0.002510458 -0.02030865 -0.04399809
0.05955666 0.0770893 0.05842018 0.00995414 -0.02684498 0.01672157 0.03183457
0.004393245 -0.02614824 -0.07148548 0.02181068 -0.005393594 -0.01941297 -0.02215858
0.08973545 0.08242901 -0.06743741 -0.08190446 -0.01907736 -0.01705266 0.02073537
0.01359895 0.01080714 -0.01695314 0.04250155 -0.0222176 -0.00856799 0.03588814
-0.1172403 -0.1060241 0.07326424 -0.03583369 -0.0340486 -0.04900403 -0.02748626
-0.02699326 -0.0217649 0.02056873 0.003759374 -0.05226949 -0.005146126 0.02805559
0.01246769 0.04924361 0.09289137 0.001592613 0.003708137 0.0302824 0.04124883
-0.02877966 -0.02605164 0.04666886 0.01183224 0.04425382 0.06551857 0.01901705
0.0171912 0.00599138 -0.06235315 0.03157837 0.02339655 -0.05371805 -0.09548572
-0.02390011 -0.002111867 0.05314201 0.008197666 0.03414001 -0.02459059 -0.04049331
-0.0530315 -0.0380544 0.04819651 0.06298725 0.006450845 0.02794883 0.005081716
-0.1158775 -0.1085946 0.06099882 -0.0543009 -0.004862876 -0.02317367 -0.01531599
0.04615896 0.04411801 -0.02019765 0.02665792 0.0545824 -0.01742299 -0.0876118
-0.001850017 -0.01479925 -0.08893337 -0.07685706 -0.04355769 -0.1020745 -0.05674177
0.01088253 0.0111773 -0.03016776 0.06969084 0.02376626 0.01981884 -0.02469459
0.04434378 0.05345516 0.01692058 0.03542297 -0.0540732 -0.03775481 -0.02232971
0.01614487 0.02862904 0.007866614 -0.008783565 -0.008480176 -0.01589022 -0.02774611
0.002126435 0.01121725 0.03061352 -0.02262908 -0.03065665 -0.04499731 -0.01943447
-0.01548129 -0.02889134 -0.007567835 0.0023467 -0.0432703 -0.05172256 -0.005801799
-0.04003427 -0.04422287 0.01194027 0.009585289 -0.01874808 0.009622998 0.02005749
-0.04393626 -0.04688103 0.02111693 -0.05003604 -0.03642629 -0.05696464 -0.04365406
-0.03880805 -0.02922368 0.0234543 -0.05389985 -0.01056624 -0.002464373 -0.01750491
-0.07600143 -0.08057237 -0.009262002 0.006980211 0.004193121 -0.01702701 -0.05269684
-0.0002002203 0.01271376 0.02614917 -0.05566086 -0.01151247 -0.02035831 0.003652636
0.05232981 0.04244386 -0.0726715 0.006221043 0.02051866 0.0797112 0.07824785
-0.02891156 -0.03719494 -0.04615808 -0.05991209 -0.009237727 -0.07666497 -0.1037872
0.00223753 -0.0006549997 -0.02311673 0.07480164 0.03275898 0.01739811 -0.0075123
-0.03216184 -0.03318791 -0.04178096 -0.03650993 0.01042925 0.03603569 0.03561849
0.01406482 0.02941331 0.0151106 0.003780953 -0.02682082 -0.02979851 0.01010084
0.04175037 0.03358639 -0.01148355 0.007594721 -0.03636555 -0.02006307 -0.00254999
0.02278364 0.02279008 0.01857511 -0.01388093 0.001737108 0.03350627 0.04339244
-0.03722004 -0.01768039 0.009567744 0.0487593 0.04990789 0.03441569 0.0003307867
-0.02201317 -0.0406477 -0.003090185 -0.02348625 0.03096234 -0.05750026 -0.07726371
0.02974767 0.02776988 0.002844342 0.03654039 0.02088049 0.02960368 0.01316355
-0.04913914 -0.04998883 -0.02233894 -0.006510534 -0.02431551 -0.0302049 -0.01009052
-0.009646759 -0.01669885 -0.0429333 -0.01636281 0.008344287 0.02182253 0.003260336
0.02662228 0.02071007 0.0021087 0.01096476 -0.02693886 0.02067348 0.03150009
0.01719195 0.01691636 -0.04064123 -0.02415455 -0.03271131 0.001705228 0.0476026
0.006476047 -0.009573229 -0.06269428 0.03565477 0.02948342 -0.04182517 -0.05803264
0.01644283 0.02778154 -0.006961413 0.06222465 0.05635759 0.02499996 -0.01566093
-0.008204407 -0.01304833 0.007882771 0.008474009 -0.01318544 0.03654626 0.06616783
0.03289867 0.01624399 -0.03498973 -0.06221518 -0.0280185 -0.01582318 0.01831715
-0.0711818 -0.07323118 0.03262629 0.02569092 0.02134501 0.006726615 -0.01943117
-0.02546286 -0.04948635 -0.02872316 -0.07340628 -0.02241026 -0.04323396 -0.0173802
0.01080568 0.02006141 0.02064402 -0.01196961 -0.0468681 0.02037404 0.0490744
-0.03006744 -0.03660634 0.00148296 0.0684845 -0.01573951 0.01151349 0.01247577
0.04522119 0.04290644 0.02014038 0.04956147 0.06381428 0.05160334 -0.01783042
0.03006797 0.03714599 0.02227316 -0.008640886 -0.01793828 -0.004382645 0.03357144
0.02410707 0.02946678 0.008831172 0.04123493 -0.01959344 -0.02659419 -0.007711217
0.07621005 0.07269134 -0.006113594 0.04088932 0.01336919 0.011629 -0.01212797
-0.00273159 0.01008605 0.04367078 0.02531063 -0.005298942 0.01871946 0.003928836
-0.03576361 -0.04397814 0.02462805 0.04079102 -0.007152695 0.03926178 0.0451179
0.03070867 0.03479894 -0.005035409 0.02393817 0.0025886 0.06471578 0.08220483
0.02788667 0.02918899 0.01762522 0.03101406 0.05520134 -0.01688093 -0.07581074
-0.06163921 -0.06158754 -0.01422992 -0.05575011 0.01222864 -0.06073952 -0.1023266
-0.0006453284 -0.002068459 -0.0170544 -0.09437472 -0.01937952 -0.02784197 0.007842732
0.06934187 0.07784396 0.03201893 0.06973042 0.007930632 0.02035751 0.04552188
-0.0001693519 -0.01333033 -0.0361662 -0.04274813 -0.03253161 -0.02460886 -0.002646262
-0.1410417 -0.1275089 0.08490383 -0.02249126 -0.0523123 -0.05664425 -0.008324744
-0.08269451 -0.07714742 0.05040808 -0.06421303 0.01260069 0.001356978 -0.01243605
-0.009621275 -0.02904939 -0.09510546 -0.03341073 -0.006556482 -0.02340273 -0.01861569
-0.02153544 -0.01112353 0.07393423 -0.008049808 -0.02872156 0.04747679 0.09806526
-0.004139733 -0.00899732 -0.03180502 -0.04565404 -0.01632906 -0.016232 0.009682744
0.03507767 0.04494199 0.01872283 0.01462536 -0.01294714 0.00106861 0.01505948
-0.04000999 -0.04230598 -0.0505068 -0.005218026 -0.03433033 -0.03257466 0.0246826
-0.03644195 -0.03700835 -0.0035526 0.1019208 0.01917587 0.06757872 0.05415565
0.01392822 0.01024968 0.02286311 0.02871305 0.02573593 -0.007122257 -0.05830052
0.004525995 0.0004812513 0.02103424 -0.01999246 -0.007484955 0.002129144 0.001599077
0.006974276 0.0206056 0.0246035 -0.00796375 -0.02687458 0.03452034 0.083281
0.06574255 0.06998626 -0.01832849 0.05068308 0.03633515 0.0263423 -0.01975206
0.05648174 0.05809535 0.01570234 0.04555693 -0.0136092 0.08402441 0.09559394
-0.02084037 -0.0458871 -0.0440209 -0.002116439 0.006541362 -0.02720068 -0.03378468
-0.03208147 -0.03209902 0.01400256 0.02154216 0.006496018 -0.02604119 -0.0539133
-0.03999935 -0.02848972 0.01828609 0.04951817 -0.02282117 0.06440828 0.1167689
-0.09957381 -0.08770384 0.0332132 0.01080257 -0.009681504 0.02549319 0.05802924
0.03348739 0.02559779 -0.05795398 0.006896393 0.03252815 0.002123235 -0.02761033
0.002048803 -0.003251074 -0.03312755 0.03426258 0.01958087 0.01113637 -0.008050809
0.01603618 0.0144707 -0.02147398 0.03337149 0.01270775 -0.007154694 -0.01155355
-0.007607013 0.007878245 0.05119559 0.02190394 -0.01954921 -0.003666168 0.03726753
-0.04561708 -0.03031948 0.06786902 0.03737681 -0.0009478501 0.04566971 0.05279117
0.004883902 0.01283881 -0.01092917 -0.01594396 0.05092678 -0.02772419 -0.08016989
0.07498065 0.06902187 -0.05741391 -0.02276901 -0.0241941 0.01319413 0.05429324
0.04765739 0.05393468 0.04289527 0.02627168 0.01646261 0.05031507 0.04203549
-0.03001161 -0.04170323 -0.0308053 -0.07825757 -0.01178343 -0.05072251 -0.04136111
0.06554373 0.04215559 -0.1050059 -0.02152928 -0.03156011 -0.04326432 -0.03707392
-0.01079161 -0.02006886 0.01263255 -0.0103063 -0.01490662 -0.005211236 0.03057044
0.02825811 0.02840711 0.03064035 -0.003821083 -0.0321418 -0.01568844 0.002319807
-0.1078729 -0.1056341 0.005692818 -0.009170793 -0.05169312 -0.00285003 0.0719611
-0.02872032 -0.02478975 0.02714828 0.009773398 0.0300825 0.009151626 -0.01571178
0.007326631 0.01553168 0.05037738 0.05738978 0.01237068 0.004220268 -0.01606013
-0.0617979 -0.0594775 0.003814165 -0.02704222 -0.0009184804 0.008924615 0.02397485
-0.01808898 -0.01850218 -0.01314037 -0.01834805 0.0109409 -0.004875702 -0.03720505
0.05615178 0.06206288 -0.005572691 0.03817565 -0.0001515983 0.04269937 0.07431025
-0.05198576 -0.04918868 0.03723097 0.04188265 0.006895047 0.02155287 0.01376869
0.02849462 0.03699481 0.04598908 -0.03954667 -0.009292076 -0.03814583 -0.04794708
0.05907858 0.06040747 -0.006428474 0.03200956 -0.04680599 0.009311621 0.06689335
-0.09020534 -0.09370499 -0.06267614 -0.1295496 -0.03686839 -0.01642975 0.02364267
-0.03368376 -0.01883347 0.09601499 -0.0009730119 -0.02310377 0.02522299 0.06167202
-0.03760015 -0.03851424 0.003750588 -0.04144511 0.003250646 0.01130354 -0.004731098
0.003240693 0.009550504 0.004070739 -0.004455009 0.02354681 0.02314945 0.01518823
0.07665783 0.07138029 -0.01761937 0.008276414 0.06182181 -0.0375438 -0.1117086
-0.04801485 -0.04570788 -0.01701819 0.02554116 0.01421553 -0.00813544 -0.05632462
0.03952653 0.03872636 -0.004371811 0.01708772 -0.02372491 -0.05132011 -0.02638782
0.130918 0.1241572 -0.1017171 -0.00898735 0.002078156 -0.04879205 -0.05634446
-0.01515808 -0.02180263 -0.001476983 -0.01308265 -0.01182168 0.01618646 0.02719675
-0.05070273 -0.0621838 -0.03753302 0.04459614 0.008907245 0.02852421 0.05314709
-0.03819106 -0.02515814 0.04070034 0.02749472 0.04200902 0.05026326 0.0212333
-0.07424541 -0.06751849 0.03254918 0.01382009 0.001496604 0.01629039 0.03782113
0.007111234 0.01743498 -0.01687192 -0.01506953 0.004885346 -0.03045013 -0.07108256
0.04946579 0.04076951 -0.01279084 0.07960192 0.02324447 0.02180212 -0.007386572
-0.0338819 -0.0247736 0.01817957 0.005269935 0.01624426 0.01383787 -0.004369557
0.01067693 0.01048397 -0.002583043 -0.04788523 -0.002384271 0.06519665 0.1079689
-0.04345684 -0.03703949 0.01236299 -0.04175832 -0.005690758 -4.342515e-05 0.03459744
0.04295128 0.04039689 -0.0437194 -0.01812649 -0.01852678 0.03599346 0.075355
-0.00484195 0.003028441 0.01074835 -0.01125915 -0.04643498 -0.02749882 0.02527485
-0.05005834 -0.03154389 0.05219917 -0.03626911 0.02225029 0.006291504 -0.03184397
-0.0206754 -0.033034 -0.01710164 -0.04450095 -0.04828133 -0.04956983 -0.006484928
0.01736442 0.02027257 -0.02902203 -0.01912377 0.01236816 -0.02531993 -0.05280495
0.001334279 0.01991763 0.01526513 -0.01506047 -0.001492367 0.03001826 0.03656999
0.07641081 0.08768999 -0.02487906 0.008227963 0.03372293 0.04880037 0.009386279
-0.04470659 -0.03803591 0.009660088 -0.01985515 0.004322225 -0.05183728 -0.0523146
0.01048686 9.542865e-05 -0.03679999 -0.01007664 0.009500965 0.06336492 0.06333041
0.02781625 -0.004638164 -0.08573377 -0.0003927735 0.02503538 0.04792631 0.009037687
0.004473035 0.01739426 0.03549442 0.001698554 0.02348459 -0.02796904 -0.04825399
0.06873869 0.06798107 0.02629499 0.08931384 0.04755351 0.009751475 -0.06997743
0.03919347 0.05193241 0.0196168 -0.002508681 -0.01090265 0.02474445 0.05089944
-0.03739898 -0.01755444 0.05610127 0.02032762 0.03104252 0.003382448 -0.03883388
-0.1105443 -0.09882994 0.04584912 -0.07880841 -0.04183534 -0.03533236 -0.00672947
0.04822558 0.04306178 -0.03489628 0.008510304 0.02348591 -0.04624317 -0.08391084
-0.1014117 -0.1215384 -0.006881378 -0.03171942 0.02936009 -0.04170444 -0.06533415
-0.001337048 0.005632908 0.03027352 -0.01313734 0.01153991 0.05177184 0.07329552
0.006288154 0.005246393 0.005467054 -0.006445155 -0.004392422 0.01948235 0.02549751
-0.0410046 -0.01995467 0.0433758 1.952599e-05 -0.01744278 -0.01685845 0.01882589
0.05108371 0.05243152 0.02577242 0.04591537 -0.03827214 -0.02267516 0.01837198
0.02999778 0.02680078 -0.01907816 -0.005156213 0.00592785 -0.03985443 -0.04220195
0.02841439 0.04086856 -0.00252086 -0.002519192 -0.03214976 0.02671278 0.05235698
-0.07581296 -0.09482669 -0.01967499 -0.03729909 0.02619957 -0.02204742 -0.0625656
-0.005346631 -0.005381507 -0.01531749 0.01860387 0.02836857 0.006201457 -0.03428453
0.01135789 0.02444724 0.02189932 -0.02724325 -0.001299741 -0.05936613 -0.04425799
0.01740876 0.02170627 -0.02682574 -0.01923868 0.0312114 0.01160779 -0.04097572
-0.02320679 -0.02004582 0.04866577 -0.006567182 -0.01463622 0.02622417 0.06402152
0.06385033 0.05521943 -0.02824442 0.02009522 -0.0105816 -0.03810512 -0.04246984
0.04856128 0.05825926 0.02034487 0.04608652 -0.01899031 0.06446327 0.1096644
0.01608743 0.0251745 -0.02905522 -0.03007999 -0.03056242 -0.009764351 0.03675618
0.04948478 0.0305502 -0.02112026 -0.003425323 0.04094763 0.008011858 -0.03530071
0.01918981 0.03600859 0.05181645 0.03520569 0.01166961 -0.003988972 -0.01757023
-0.004055681 -0.01377921 0.00560012 0.005802816 0.001710921 -0.04430129 -0.02115032
0.07164341 0.07780889 -0.01883767 0.03287577 0.01003513 -0.007710152 -0.02942404
-0.006048784 -0.01234255 -0.02611891 -0.05135076 -0.03139888 -0.08024243 -0.1134076
-0.01020785 -0.02089153 -0.04080834 -0.01177559 -0.01766512 -0.03431143 -0.01840704
-0.01894575 -0.02120938 -0.01216872 0.0481427 0.02743897 0.03818228 0.01810573
0.0373546 0.04922598 0.01442096 0.006986546 0.0367614 0.0278197 -0.004062893
-0.01369797 -0.006324304 0.01603665 0.04178077 -0.003515387 0.0149479 0.05002823
-0.06436902 -0.03896014 0.04623622 0.0305748 0.059355 0.04739096 0.01714673
-0.003637621 -0.003208546 -0.0005453002 0.01671435 0.03038407 -0.06103886 -0.1139507
-0.02201585 -0.02343194 -0.04607701 -0.06189393 -0.002620913 -0.07531049 -0.0691599
0.03594932 0.06182216 0.02800826 0.08420508 0.006868786 0.007846603 -0.010064
-0.001475563 -0.004115281 -0.006618091 0.002112527 0.0362043 -0.02257644 -0.09148046
-0.001128943 -0.007588409 -0.0005942194 0.01488077 0.01692532 0.007082552 -0.01541426
0.01586997 0.02221096 0.009135722 0.03228734 0.01811651 -0.01698198 -0.06833383
-0.03334701 -0.05147635 -0.05303785 -0.07510271 -0.02830555 -0.03219227 -0.002642416
0.05876457 0.06133758 0.04395356 0.0736079 -0.0001966241 0.02081284 0.008631817
0.02916348 0.03672731 0.05249485 0.09003309 0.01792358 0.06630193 0.06715009
-0.01966276 0.001452181 0.07833683 -0.0231649 -0.01596297 0.005703118 0.04178671
-0.04407553 -0.06022129 -0.0796221 0.02186799 0.01688674 -0.003914349 -0.01343192
-0.07501403 -0.06534763 0.01751651 -0.009441422 0.02765127 0.05784525 0.03158375
0.02551168 0.03063863 0.01470497 0.009728891 -0.003789024 0.04926751 0.0691504
-0.02799415 -0.006390167 0.08542263 0.002213256 -0.01010493 -0.03464165 -0.0366436
0.07474749 0.09750293 0.07573051 0.03282086 0.02887475 0.05847957 0.06463937
0.03965135 0.05030332 0.01240831 0.08544049 0.04707636 0.02613648 -0.01600268
0.06213002 0.03064785 -0.1014077 -0.02982653 -0.008420851 -0.01561933 -0.0186332
0.01748049 0.02617737 0.05226463 0.004189878 -0.03794069 -0.03390353 -0.009499461
0.03296078 0.03064764 -0.031905 -0.004771194 -0.009381488 0.01154371 0.0107255
-0.07116178 -0.09240873 -0.04188405 -0.05070947 -0.01858432 -0.0487171 -0.02854157
0.05716437 0.05565695 -0.02073733 0.04408037 -0.01656443 0.009019623 0.02247065
0.04692869 0.03338529 -0.03560533 -0.0728372 -0.004559571 -0.03159677 -0.05010634
0.05717603 0.05439754 -0.01902307 -0.008326735 -0.0223579 -0.006512948 0.02382441
0.03255071 0.02717661 -0.02905476 0.04924314 -0.002337238 0.003281488 -0.007234742
0.006232395 -0.00322916 -0.02661003 -0.06666131 -0.06174985 0.02929366 0.117354
0.004487055 0.006587349 -0.02377456 -0.04710659 -0.02985039 0.0490375 0.08731566
0.06117672 0.07155511 0.02624378 0.0415034 0.009071237 0.01021919 0.02864379
-0.005534584 -0.005141264 0.0001596782 -0.0508423 0.003567081 -0.02770858 -0.03543943
0.08606072 0.07873446 -0.0001058819 0.0137725 -0.007331009 0.02391246 0.01096337
-0.006336328 -0.03244277 -0.03264096 -0.0388825 -0.02257904 -0.01983655 0.006323333
0.01117556 0.01233407 0.001517895 0.0295566 -0.01182939 -0.0182336 -0.01448668
0.008083619 0.01215603 -0.002025414 -0.007678764 -0.002692165 0.02613887 0.05666749
0.05850611 0.0447225 -0.03876108 -0.02189818 -0.00651135 0.04672418 0.08186793
0.04051106 0.0358393 -0.0266642 -0.004546539 0.01156341 0.008225934 -0.02273117
0.03642539 0.03783603 -0.03474092 -0.02017067 0.05115426 0.05099481 0.03695252
-0.005812818 -0.006603423 -0.02320666 -0.02316542 -0.01139628 -0.03068925 -0.02226184
-0.05514815 -0.05961934 0.005618932 -0.06928055 -0.01790348 -0.04762058 -0.0306929
0.02252248 0.02298517 -0.003697918 -0.03424913 -0.03360759 0.02186902 0.07625153
0.0535535 0.04257535 -0.07147252 -0.05196548 -0.06876474 -0.03084386 0.01263289
0.03866358 0.03569996 -0.02033185 -0.03853819 0.06402859 0.007985615 -0.05841963
-0.006529037 -0.01982304 -0.05372716 -0.03484622 0.00599916 0.04498577 0.05195517
0.03814641 0.01777773 -0.1117294 -0.03368703 0.01435619 -0.02535522 -0.03071849
0.007749487 -0.002040126 -0.01849714 0.01217416 -0.003224693 0.01994557 0.01993834
-0.01054248 -0.004831527 0.03043297 0.03967155 -0.03975991 0.02602742 0.0672293
0.04694275 0.02122567 -0.0678516 -0.05058213 0.002242191 0.01689103 0.002226453
-0.01011201 -0.02441884 -0.0432441 0.02717979 -0.01614399 -0.01665038 0.02217818
-0.05352466 -0.04304202 0.03641645 -0.07907334 -0.01081916 -0.03761302 -0.02345943
0.0475084 0.06593067 0.04505755 -0.03063451 0.02561286 -0.02611807 -0.05872547
-0.02153544 -0.01930104 0.03623054 0.008567462 0.01736434 -0.02388937 -0.02846026
0.03758226 0.03522419 0.01035447 -0.03306984 -0.002592364 -0.04033629 -0.03862882
0.006598863 0.003774152 0.02013413 0.06536242 -0.001326749 0.01058772 -0.003503655
0.09852467 0.1080854 -0.006748222 0.006952541 0.005682976 0.0123968 -0.0009880017
-0.02082462 -0.01835154 0.02273809 0.01036711 -0.02541334 0.01107113 0.0279458
-0.02459381 -0.03264291 -0.07045889 0.05550856 -0.001536649 -0.01687047 -0.02424897
-0.06785677 -0.0553338 0.03589234 -0.02693846 0.004060946 -0.007116005 -0.03988896
0.04022434 0.03372299 0.004871986 0.001550643 -0.007424741 0.03999664 0.03724701
-0.02337405 -0.02110328 0.00651273 0.04374807 0.03483673 -0.04604548 -0.09796783
0.08127284 0.09135605 -0.0217891 0.03050212 -0.01690818 -0.01487821 -0.01759517
-0.02347761 -0.03887328 0.001478588 -0.03019826 -0.03655873 -0.023034 0.008461185
0.02561095 0.01488979 -0.03006557 -0.02585115 0.01435456 -0.04092505 -0.07491384
-0.008252352 -0.001464697 0.02238944 -0.01485523 0.01555747 -0.05887622 -0.07235657
-0.003862624 -0.004485262 0.002915696 0.0008450878 -0.01277956 -0.02884488 -0.03750808
0.1053988 0.1053821 0.03145266 0.08254174 0.04902908 0.06690402 0.02860443
0.007768319 0.005473284 -0.01387121 -0.002438654 0.02476083 -0.04985301 -0.1093248
0.003187762 0.00344752 0.05656391 -0.004581341 -0.02162574 -0.0008083996 0.03025855
-0.01541739 -0.01313433 -0.02971764 -0.02268329 -0.0236638 -0.02401853 0.008711492
0.03640494 0.04172229 0.03191014 0.04708616 0.01131245 0.05002564 0.04584329
0.03395909 0.05029247 0.0188414 -0.03164933 -0.04268898 -0.02070029 -0.0155818
0.0227314 0.01239873 0.0086108 0.02836835 -0.07910213 -0.02407996 0.02533658
0.02882303 0.02717689 0.00171693 0.01176789 0.01094609 -0.001092226 0.007016455
-0.04306542 -0.03292486 0.09190395 0.01683975 -0.02041411 0.02020898 0.05108174
-0.03224486 -0.03101107 -0.01467324 -0.02206436 -0.02394812 0.0001195938 0.03290891
-0.002289983 -0.004291823 -0.05981739 -0.004812237 -0.02181323 0.005833917 0.006161719
-0.04294333 -0.02602432 0.05847372 -0.01092816 -0.01266352 -0.01808625 -0.01526551
0.01670109 0.008943522 -0.0413853 0.0008990014 0.05241977 -0.004341624 -0.06655466
0.05907008 0.03875123 -0.07926264 0.01562237 -0.01332505 0.02324207 0.04511281
0.1153838 0.1190514 -0.03989193 -0.01178291 0.00274176 0.06016828 0.07833512
0.02609968 0.01157123 -0.06741556 0.02446332 -0.01056524 -0.06057341 -0.07828316
-0.04422353 -0.05065164 -0.01676407 -0.01567436 0.01627283 -0.02631266 -0.0417868
0.02906087 0.02015177 -0.01768809 0.04019004 -0.0397699 0.003724084 0.03977582
0.06571399 0.04529547 -0.07116012 -0.04945837 0.002296665 0.02899746 0.03905102
-0.003597732 -0.01031809 -0.01209639 0.03346365 -0.000664076 0.02006028 0.0260413
0.05222521 0.06262685 0.02967622 0.024168 -0.001169955 0.06773178 0.0878509
0.05417907 0.05497904 -0.01386328 -0.01147979 0.01746246 -0.07075301 -0.09706108
-0.00441152 0.00235297 -0.01526495 -0.03468857 -0.02394343 0.01055636 0.05843925
-0.03389621 -0.02788955 0.01476225 0.01952677 0.004022872 -0.01938669 -0.04511446
0.06009336 0.07740972 0.05606585 0.008185669 -0.02522451 0.0186431 0.03223935
0.004453417 -0.02593559 -0.07189726 0.02347743 -0.005181635 -0.01806063 -0.02169037
0.08935576 0.08155989 -0.06758335 -0.08263672 -0.02035039 -0.02020752 0.01803862
0.01351822 0.01078448 -0.01698337 0.04201756 -0.01815597 -0.009162709 0.030839
-0.1180381 -0.1067068 0.07177779 -0.0344683 -0.03365884 -0.04944737 -0.0305681
-0.02730488 -0.02193136 0.02117347 0.003443485 -0.05096828 -0.004692241 0.02639019
0.01257796 0.04996098 0.09460755 0.00209334 0.001719385 0.02757431 0.03944954
-0.02896303 -0.0261057 0.04783043 0.01153454 0.04075026 0.05647798 0.01202536
0.01720876 0.005912315 -0.06287171 0.02841066 0.02498546 -0.05369916 -0.09689715
-0.0235083 -0.00174432 0.0537277 0.009726286 0.03281507 -0.02797108 -0.04300745
-0.0527 -0.03773892 0.04722672 0.06277986 0.00796717 0.02901419 0.004267971
-0.1127901 -0.105145 0.06095437 -0.05130904 -0.007274913 -0.02312892 -0.01252339
0.04549095 0.04356139 -0.01941075 0.02578557 0.05366918 -0.02193009 -0.09150121
-0.00185909 -0.01495471 -0.08944131 -0.07872728 -0.04382233 -0.1036991 -0.05722014
0.01086764 0.01134713 -0.02906019 0.06862382 0.02570324 0.02325049 -0.0234386
0.04356753 0.05326356 0.01859958 0.03527126 -0.05269115 -0.03331698 -0.02056641
0.0160751 0.02869782 0.008397761 -0.007997547 -0.00911728 -0.01680349 -0.02828615
0.002169278 0.01129399 0.03075284 -0.02286289 -0.03265157 -0.04514662 -0.0168653
-0.01579247 -0.02912471 -0.006682653 0.003462427 -0.03922855 -0.04731464 -0.002851922
-0.04088654 -0.04511854 0.01225869 0.01031251 -0.01766324 0.01056647 0.01988693
-0.04505546 -0.04794854 0.02049482 -0.05006369 -0.03873513 -0.05793665 -0.04184238
-0.03956444 -0.0300587 0.02289252 -0.05418615 -0.01190293 -0.002916531 -0.01659721
-0.07476056 -0.08016852 -0.01164939 0.00483846 0.005086034 -0.01714224 -0.05367979
-0.0001897096 0.01278804 0.02632523 -0.05538574 -0.01202408 -0.02220506 0.002514561
0.05278931 0.04318121 -0.07177194 0.007543245 0.02018146 0.08032449 0.07835003
-0.02916422 -0.03765319 -0.04751557 -0.0613615 -0.00864128 -0.0765581 -0.1043218
0.002242159 -0.0006719164 -0.02328764 0.07496562 0.03275109 0.01940342 -0.004095616
-0.03214404 -0.03306139 -0.04176236 -0.03695178 0.0111913 0.03660655 0.03595445
0.01415088 0.02964092 0.01516621 0.002497295 -0.02661909 -0.02989139 0.009174085
0.04192496 0.034271 -0.01089139 0.01003143 -0.03328554 -0.01752816 -0.002427504
0.02268335 0.02291667 0.01907699 -0.01318786 0.002238447 0.03374471 0.04329896
-0.03727707 -0.01790969 0.008698034 0.04773589 0.05089569 0.03418088 -0.0004264584
-0.021614 -0.04023927 -0.002730423 -0.02504449 0.03116236 -0.05624875 -0.07604189
0.02981413 0.02786445 0.003056964 0.03804908 0.01989572 0.02823257 0.01233859
-0.0492403 -0.05040569 -0.02219798 -0.008323005 -0.02639005 -0.03151211 -0.008474792
-0.009650373 -0.01682271 -0.04332224 -0.01892655 0.007603629 0.02254215 0.004478987
0.02703858 0.02129965 0.002887938 0.01197303 -0.02713794 0.02033652 0.03194859
0.0173353 0.01704627 -0.04120822 -0.02525804 -0.03359598 0.00110196 0.04773665
0.006536467 -0.009354599 -0.06134822 0.03620721 0.02996408 -0.03873318 -0.05571145
0.01634532 0.02769643 -0.007195603 0.06323924 0.05728513 0.03068287 -0.008702874
-0.008219005 -0.01301433 0.008086937 0.008766855 -0.01410855 0.03647566 0.06651981
0.03309931 0.0166213 -0.03459362 -0.06266761 -0.02836728 -0.01694563 0.0165702
-0.07110126 -0.07315474 0.03317982 0.02601349 0.02249265 0.007500546 -0.01935069
-0.02555454 -0.04946033 -0.02728986 -0.07524125 -0.02368837 -0.0421009 -0.0158014
0.01079983 0.02011016 0.02040433 -0.009752828 -0.04553379 0.02018708 0.04776704
-0.03030782 -0.0368081 0.002024764 0.06907578 -0.01285988 0.01010202 0.008025064
0.04444448 0.04222865 0.01997435 0.05050864 0.06214496 0.05455742 -0.01258069
0.03060891 0.03768606 0.02223669 -0.008174847 -0.02016073 -0.005669595 0.03390307
0.02373533 0.02917085 0.008962351 0.04189577 -0.017772 -0.02598799 -0.00864887
0.07565029 0.07190457 -0.005586866 0.04059896 0.01134264 0.009520183 -0.01205009
-0.002718933 0.01007338 0.04431703 0.02561991 -0.004228034 0.0197984 0.004505454
-0.03516773 -0.04347106 0.02376539 0.03855088 -0.006408657 0.03961391 0.04542526
0.0302105 0.03456687 -0.003865428 0.02536789 0.00298367 0.06617758 0.08357349
0.02731107 0.02889062 0.01915245 0.03151773 0.05592406 -0.01535011 -0.07346157
-0.06058772 -0.06064183 -0.01544458 -0.05817188 0.01194869 -0.06056102 -0.1030413
-0.0006203726 -0.002051468 -0.01700977 -0.09549186 -0.02100685 -0.02667973 0.01176251
0.06905934 0.07845634 0.03565523 0.07136695 0.009584801 0.02144067 0.0446777
-0.000167452 -0.01329067 -0.03614587 -0.04260257 -0.0321912 -0.02461189 -0.002960268
-0.1411828 -0.1276637 0.08422899 -0.02346102 -0.05021225 -0.05319317 -0.006321575
-0.08259087 -0.07716035 0.04858907 -0.06256874 0.01106516 -0.000450697 -0.01183383
-0.009704088 -0.02953068 -0.09626866 -0.03608431 -0.005346379 -0.02435774 -0.02136945
-0.02134866 -0.01110223 0.07278803 -0.006742948 -0.02731239 0.04872464 0.09778549
-0.004139963 -0.009041513 -0.03208202 -0.04511545 -0.01718687 -0.01623894 0.01066127
0.03554865 0.04515456 0.01776285 0.01261306 -0.0121076 0.0008426758 0.01384939
-0.03972078 -0.04213263 -0.05074713 -0.004441599 -0.03665062 -0.03330027 0.02540572
-0.03611097 -0.03689333 -0.004840599 0.09986306 0.02097652 0.06907836 0.05538388
0.0141009 0.01057671 0.02313171 0.02818367 0.02743474 -0.004684592 -0.05735414
0.004544448 0.0004846036 0.02067627 -0.01872967 -0.006314411 0.002053813 0.0005165513
0.007113125 0.02073399 0.0247608 -0.008230834 -0.0277486 0.03408331 0.08374455
0.06649285 0.07061009 -0.01897418 0.05122246 0.0364509 0.02705418 -0.01978182
0.05578328 0.05780243 0.01780774 0.04818191 -0.01656941 0.08371127 0.09906718
-0.02066377 -0.04570807 -0.04446557 -0.001630044 0.005054358 -0.02992894 -0.03486303
-0.03208726 -0.03215811 0.01363434 0.02176367 0.007419277 -0.0256901 -0.05436702
-0.03949941 -0.02776885 0.01882451 0.05171302 -0.02218298 0.06394155 0.1155476
-0.1007375 -0.08883365 0.03335514 0.01428963 -0.01420197 0.02340901 0.0597545
0.03306695 0.02546416 -0.05715311 0.006140143 0.03330107 0.002754264 -0.02751784
0.002041751 -0.003390686 -0.03371022 0.03141941 0.02031467 0.01226629 -0.007227435
0.01608442 0.01458487 -0.02107118 0.03265882 0.01308047 -0.006044176 -0.01048249
-0.007724034 0.007852837 0.05171038 0.02332152 -0.02310683 -0.006584352 0.03865977
-0.04580974 -0.03034278 0.06721365 0.04019761 -0.003355948 0.04335195 0.05230449
0.004889451 0.01286104 -0.01123531 -0.01567517 0.05059358 -0.02891967 -0.08095529
0.07552762 0.07060256 -0.05398168 -0.01786037 -0.02254753 0.01489038 0.05558148
0.0474056 0.05366215 0.04316101 0.02563374 0.01815237 0.05099948 0.04116444
-0.03026623 -0.04178264 -0.03055149 -0.080196 -0.01371042 -0.05137048 -0.03990118
0.06531212 0.04131297 -0.1051497 -0.02710223 -0.03113636 -0.04540866 -0.04001332
-0.01091009 -0.02012002 0.01265821 -0.01013303 -0.0147385 -0.005104166 0.03180296
0.0284709 0.02853579 0.02987494 -0.00422434 -0.03295407 -0.01753511 0.0009900384
-0.1078155 -0.1060586 0.003756049 -0.00917254 -0.04999006 0.0001234215 0.07338586
-0.02889004 -0.02500705 0.02776232 0.01052218 0.02999329 0.009187827 -0.0156975
0.0073107 0.01560824 0.05079731 0.05851679 0.01039959 0.003750839 -0.01472055
-0.06294962 -0.0605318 0.003812926 -0.02747844 0.000636488 0.009838122 0.02385091
-0.01819695 -0.01858584 -0.01311144 -0.01916375 0.01298851 -0.003645038 -0.03807787
0.05550344 0.06162543 -0.004787848 0.04006829 -0.002565691 0.04180301 0.07611022
-0.05124537 -0.04834404 0.03719675 0.04411296 0.004804499 0.01971216 0.01329577
0.02834415 0.03652882 0.0456129 -0.03969587 -0.006049293 -0.03538445 -0.04851487
0.05843711 0.05975569 -0.005904142 0.03219675 -0.04992384 0.004738905 0.06563198
-0.08999497 -0.09304998 -0.06221765 -0.131241 -0.04151145 -0.02066747 0.02569578
-0.0338731 -0.0192129 0.09520448 -0.002043701 -0.02280859 0.02612037 0.06211393
-0.0375591 -0.0381835 0.004817017 -0.04108563 0.004711903 0.01147694 -0.006506842
0.003252283 0.009570381 0.004144795 -0.003500368 0.02402864 0.02082649 0.01119022
0.07650558 0.07144409 -0.0168446 0.009697764 0.06092644 -0.03789556 -0.1121037
-0.04783781 -0.04544474 -0.01622934 0.02385055 0.01642425 -0.006704876 -0.05692984
0.03935396 0.03897159 -0.002491168 0.01764974 -0.0239916 -0.04881667 -0.02337525
0.1307688 0.1236501 -0.1021781 -0.01119359 0.002752695 -0.05023977 -0.05859862
-0.0151567 -0.02164826 -0.001148009 -0.01263339 -0.01172257 0.01593962 0.02725034
-0.05117862 -0.06178954 -0.03598732 0.04481036 0.01035534 0.02984991 0.05501555
-0.03776219 -0.02511949 0.03905749 0.02760893 0.04221909 0.04870617 0.01876689
-0.07507295 -0.06853067 0.03197103 0.0144005 0.002860807 0.01651063 0.03581925
0.007048199 0.01747149 -0.01772011 -0.01474782 0.004028805 -0.03109284 -0.07116257
0.04924904 0.0404691 -0.01282074 0.07982346 0.02210603 0.02267534 -0.005629775
-0.03392712 -0.02466966 0.01869779 0.005385709 0.01646926 0.01418013 -0.004302325
0.01053686 0.01040005 -0.002534628 -0.04885188 -0.001494134 0.06689853 0.1081135
-0.04344914 -0.03694409 0.01295875 -0.04294164 -0.004006651 0.001963368 0.03473933
0.04295988 0.04041964 -0.0434828 -0.01877234 -0.01986389 0.03590476 0.07672292
-0.004924206 0.002854231 0.01030907 -0.01127309 -0.04301253 -0.02170596 0.02824246
-0.04979044 -0.03182208 0.050372 -0.03770629 0.02298207 0.003283764 -0.03613076
-0.02057737 -0.03301544 -0.01750448 -0.04544013 -0.04623961 -0.04514933 -0.004676397
0.01761713 0.02058524 -0.02917123 -0.01942488 0.0111432 -0.02546525 -0.05172553
0.001373422 0.01957253 0.01294216 -0.0140228 -0.0007023334 0.03196443 0.03794818
0.07836142 0.08905825 -0.02641396 0.007332854 0.03325598 0.04707967 0.006117903
-0.04466193 -0.03845259 0.008838477 -0.02076109 0.004270452 -0.05039341 -0.05213195
0.01051734 0.0002762591 -0.03585526 -0.01012038 0.008684881 0.06203001 0.06177891
0.0279669 -0.004445906 -0.084157 -0.002079514 0.02140665 0.04011095 0.00291034
0.004506274 0.01750977 0.03553603 0.001995526 0.02403955 -0.02904414 -0.0491353
0.06818259 0.06768082 0.02753461 0.09042377 0.04629609 0.009970613 -0.06789986
0.03813253 0.05103401 0.02048775 -0.001371514 -0.01135144 0.02327429 0.0501889
-0.03762139 -0.0175492 0.05776611 0.02278244 0.03045796 0.003343584 -0.0385286
-0.1103353 -0.09822661 0.04566327 -0.07956872 -0.04087593 -0.03388197 -0.006444461
0.04801934 0.04275815 -0.03518986 0.008818756 0.02439992 -0.04515505 -0.08385668
-0.1025173 -0.1223776 -0.006968211 -0.03181268 0.03554087 -0.03460758 -0.06549384
-0.001373019 0.005608197 0.03033403 -0.0124645 0.01305654 0.05340557 0.07420568
0.006275073 0.005241935 0.005561659 -0.006389788 -0.003926029 0.01889754 0.02459506
-0.04108993 -0.01977962 0.04411623 0.001195467 -0.01612621 -0.0154487 0.01892936
0.05081006 0.05217474 0.02647983 0.04674938 -0.03889062 -0.01928253 0.02311526
0.02962413 0.02649219 -0.01836538 -0.004325356 0.003986762 -0.04134277 -0.04176849
0.02848417 0.04098868 -0.002409329 -0.003983536 -0.03285596 0.02822754 0.05550217
-0.07629037 -0.09499097 -0.01848885 -0.03781604 0.02588769 -0.0235277 -0.0637995
-0.005358957 -0.00541256 -0.01496658 0.01847657 0.02704207 0.004488187 -0.03450592
0.0112532 0.02453763 0.02325718 -0.02482734 0.0006674103 -0.05804077 -0.04582271
0.01742473 0.02184502 -0.02591637 -0.01959353 0.02993477 0.007538546 -0.0443593
-0.02292443 -0.01981595 0.04844058 -0.006956379 -0.01173687 0.02918067 0.06433576
0.06363269 0.05513359 -0.02612003 0.02327267 -0.01092802 -0.03701202 -0.04051112
0.048509 0.05799017 0.02042257 0.04575136 -0.02012586 0.06419587 0.1105761
0.01624932 0.02545259 -0.02885256 -0.02972024 -0.03146701 -0.01010546 0.03759973
0.04888103 0.03044326 -0.02079232 -0.003770721 0.04063061 0.008322834 -0.03340532
0.01940221 0.03584884 0.05114893 0.03506752 0.01375693 -0.002139975 -0.01703357
-0.004087676 -0.01381305 0.005442381 0.006070774 0.001948075 -0.04436259 -0.02223663
0.07278244 0.07907634 -0.01851081 0.03543375 0.01189541 -0.005786559 -0.02893577
-0.006135221 -0.01239495 -0.02655946 -0.05096617 -0.03086698 -0.07940227 -0.1140421
-0.01010688 -0.02078061 -0.04051667 -0.01088793 -0.01848743 -0.03646349 -0.02000561
-0.01916622 -0.0215101 -0.01237373 0.04894838 0.02750333 0.03842697 0.01811705
0.0386722 0.05059714 0.01463487 0.007363348 0.03484232 0.02909691 -0.0001998437
-0.01392755 -0.006553239 0.016075 0.04214098 -0.002510918 0.01549625 0.04978053
-0.06576185 -0.0404229 0.04789954 0.03022949 0.06040364 0.04891837 0.01622421
-0.003603882 -0.003184855 -0.0006755218 0.01654331 0.0317037 -0.05988825 -0.1142581
-0.02194334 -0.02335394 -0.0459761 -0.0610472 -0.005376887 -0.07545825 -0.06624218
0.03599232 0.06161421 0.0266644 0.08068363 0.007822263 0.01027832 -0.008591881
-0.001600802 -0.004244627 -0.006522822 0.002164832 0.0342652 -0.02391571 -0.09010919
-0.001099545 -0.00747915 -0.0005546759 0.01503208 0.01703316 0.007523056 -0.01518447
0.01620377 0.02247328 0.009049602 0.03206595 0.0180452 -0.01808849 -0.06923892
-0.03302551 -0.05095053 -0.05174052 -0.07523738 -0.02501223 -0.02963358 -0.003775995
0.05778621 0.06095526 0.04548165 0.07273299 -0.001954718 0.01797619 0.007626064
0.02996851 0.03753472 0.05190612 0.09068036 0.01921432 0.06462814 0.06297062
-0.01949797 0.001562781 0.07881853 -0.02316666 -0.01475447 0.004918778 0.03947899
-0.04449814 -0.06082856 -0.080571 0.02169821 0.01887887 -0.0006981494 -0.01265657
-0.0745975 -0.06557912 0.01514797 -0.01097039 0.03118813 0.05909075 0.02835971
0.02582375 0.03118562 0.01521117 0.009482123 -0.004249878 0.05057549 0.07148559
-0.02838105 -0.006883531 0.0845931 0.001935917 -0.01117204 -0.03812647 -0.03965818
0.07535646 0.09906027 0.0783886 0.03441361 0.02693301 0.05697086 0.06489666
0.03904017 0.04953242 0.01260297 0.08632008 0.04997454 0.0286417 -0.01622831
0.06127013 0.02940906 -0.1023967 -0.03031956 -0.009513658 -0.01693909 -0.01899406
0.01746612 0.02627351 0.05275458 0.002524347 -0.03915003 -0.03921723 -0.01364643
0.03344817 0.03091093 -0.03263394 -0.004951718 -0.008994072 0.01078464 0.00946224
-0.07179223 -0.09285811 -0.04069933 -0.04722712 -0.01655848 -0.04596904 -0.026655
0.05596423 0.05462806 -0.0212707 0.04262455 -0.01614382 0.01018409 0.02260992
0.04759679 0.03378194 -0.0365073 -0.07177686 -0.0006012085 -0.0312162 -0.05457001
0.05745778 0.05477847 -0.01890951 -0.009540188 -0.02084227 -0.006044457 0.02176798
0.03233704 0.02689754 -0.02886554 0.04947191 -0.001567997 0.003524077 -0.008495357
0.006160194 -0.003347617 -0.02679306 -0.06333595 -0.06263395 0.02743553 0.1150858
0.00439449 0.006472923 -0.02400748 -0.04467121 -0.03060201 0.04855284 0.08773549
0.06100227 0.07071259 0.02410848 0.03847975 0.009833775 0.009760497 0.02678046
-0.005393682 -0.004976921 0.0004509604 -0.04967692 0.004254824 -0.02749663 -0.03611189
0.08612195 0.0783097 -0.002939452 0.01108214 -0.006063856 0.02303471 0.008743844
-0.006200869 -0.03221069 -0.03270295 -0.0394956 -0.02235307 -0.02071978 0.004995725
0.01126722 0.01245294 0.001577836 0.02904466 -0.01184848 -0.01962962 -0.01606125
0.008187613 0.01230206 -0.00193996 -0.006995434 -0.002338353 0.02575963 0.05610271
0.05826213 0.04428465 -0.03919753 -0.02178502 -0.006800548 0.04733027 0.08305045
0.03984717 0.03513161 -0.02697067 -0.004416503 0.0114039 0.007838408 -0.02267895
0.0361175 0.03749481 -0.0352247 -0.01956802 0.05177726 0.05195201 0.03774595
-0.005776401 -0.006578122 -0.02317787 -0.02412128 -0.01124719 -0.03076659 -0.02267385
-0.05549516 -0.05982868 0.006442127 -0.06962191 -0.01679513 -0.04769109 -0.0315445
0.02251508 0.02288462 -0.003796517 -0.03257284 -0.03372886 0.02088531 0.07511547
0.05362544 0.0427279 -0.07166437 -0.05103289 -0.06850073 -0.03437968 0.007799645
0.03838871 0.03557405 -0.01991895 -0.03698568 0.06631458 0.01216539 -0.055598
-0.006500807 -0.01960636 -0.0529142 -0.03678449 0.007563904 0.04757823 0.05360715
0.03854168 0.01829572 -0.1100726 -0.0374667 0.01523773 -0.02410526 -0.03041985
0.007727955 -0.002001632 -0.01821429 0.01206697 -0.002449764 0.02105995 0.02078291
-0.01063194 -0.004988831 0.03012833 0.0418344 -0.03991663 0.02389295 0.06411869
0.04618236 0.02065707 -0.06683236 -0.05213859 0.001535044 0.02045254 0.0070575
-0.01008912 -0.02405114 -0.04136032 0.02960054 -0.01667047 -0.01916848 0.02110071
-0.05279184 -0.04259981 0.03571795 -0.08302917 -0.01222844 -0.0368752 -0.02165013
0.04691289 0.06543133 0.04497258 -0.02958404 0.02667848 -0.02552387 -0.05851212
-0.02141687 -0.01912267 0.03626735 0.007954445 0.01677186 -0.02316495 -0.02713817
0.03889532 0.03670667 0.01033245 -0.0316929 -0.001838938 -0.04079167 -0.03986837
0.006892499 0.00407996 0.01979362 0.0660477 -0.00247783 0.007019618 -0.007106225
0.09840971 0.1083279 -0.005065615 0.008549618 0.005129242 0.007769817 -0.007556649
-0.0208065 -0.01836287 0.02259515 0.01002425 -0.02525134 0.009809178 0.02608808
-0.02446016 -0.03267221 -0.07069915 0.05714212 -0.003805626 -0.0167438 -0.0191881
-0.06828174 -0.05603157 0.03631402 -0.02933633 0.005179914 -0.005243538 -0.03749803
0.04023439 0.03388692 0.005090801 0.001834016 -0.006180441 0.04019109 0.03609078
-0.02317411 -0.02086086 0.006520058 0.04447223 0.03548139 -0.04406617 -0.09611032
0.08122216 0.09083954 -0.02404745 0.02974262 -0.01649956 -0.01936971 -0.02331472
-0.02338907 -0.03835862 0.002521298 -0.03006647 -0.03859571 -0.023245 0.0100519
0.02582636 0.01510788 -0.03019358 -0.02484806 0.01472394 -0.04048382 -0.07474063
-0.008215294 -0.001404648 0.02247291 -0.01492562 0.01584494 -0.0578326 -0.07231228
-0.003862657 -0.004497539 0.002824692 0.0006307587 -0.01283052 -0.02888663 -0.03737601
0.1045027 0.1041501 0.03087406 0.0804635 0.05048592 0.06460092 0.02448873
0.007885549 0.005577506 -0.01391695 -0.002592025 0.02363951 -0.05072641 -0.1092006
0.003158127 0.00332096 0.05688111 -0.004992105 -0.02226027 -0.003331939 0.02717295
-0.01551096 -0.01300589 -0.02939876 -0.02223666 -0.02270854 -0.02338908 0.008460911
0.03632726 0.04147232 0.03190317 0.04637378 0.01141055 0.05091645 0.04615954
0.03401849 0.05002416 0.01727732 -0.03264755 -0.04244762 -0.02050828 -0.01451342
0.02274068 0.01238375 0.008713903 0.02861248 -0.08359906 -0.02868481 0.02488151
0.0284924 0.02679282 0.001579068 0.01171578 0.01138036 -0.0004127155 0.006854024
-0.04335742 -0.03333232 0.0914245 0.01797227 -0.02021382 0.02062413 0.05211356
-0.03193226 -0.03114219 -0.01492281 -0.02269997 -0.02547465 -0.001177569 0.03256485
-0.002299625 -0.004288339 -0.05877782 -0.004779705 -0.02122755 0.009174858 0.0107881
-0.04359265 -0.02704907 0.05838521 -0.01199692 -0.01454014 -0.01950682 -0.01414623
0.01665108 0.008944767 -0.04093651 0.001195765 0.05741538 -0.002497065 -0.07051574
0.05836856 0.03813095 -0.07798591 0.01502432 -0.01703814 0.02105435 0.04655837
0.1158061 0.1200342 -0.03885093 -0.01105943 0.005173207 0.05969332 0.07568882
0.02578211 0.01148837 -0.06686501 0.02430582 -0.008753692 -0.05697395 -0.07653121
-0.04408116 -0.05047225 -0.01625332 -0.01517816 0.01701182 -0.02477384 -0.04066601
0.02860533 0.0197951 -0.01760552 0.04054833 -0.03667468 0.004709862 0.03720938
0.0650703 0.04479715 -0.06799938 -0.05130824 0.003215931 0.0251213 0.03335888
-0.00354689 -0.009991366 -0.01078617 0.03493129 -0.0002119943 0.0205936 0.02621468
0.05185103 0.0620637 0.02781787 0.02430711 -0.002505603 0.06683766 0.08836296
0.05355087 0.05420974 -0.01392305 -0.01327469 0.01763237 -0.06998601 -0.09643115
-0.004464536 0.002275476 -0.01598265 -0.03618526 -0.0226625 0.01174138 0.05875754
-0.03369493 -0.02751645 0.01492803 0.01984778 0.002897602 -0.02064745 -0.04491998
0.06015806 0.0776596 0.05711244 0.009788672 -0.02437271 0.01734789 0.0306885
0.004494299 -0.02618245 -0.07350055 0.02451197 -0.006738489 -0.0187916 -0.01899073
0.08859749 0.08103618 -0.0667341 -0.0838731 -0.01738724 -0.01536119 0.02107573
0.01356856 0.0108657 -0.01708152 0.04260947 -0.02031771 -0.009821066 0.03228234
-0.1159185 -0.1046365 0.07138472 -0.03395637 -0.03584426 -0.05026694 -0.02871809
-0.02713052 -0.02181104 0.02097288 0.003639271 -0.05194257 -0.005711856 0.02633263
0.01226094 0.04973565 0.09498796 0.0003845144 0.003586702 0.02907658 0.03997048
-0.02897805 -0.02598868 0.04818081 0.01197236 0.04166662 0.06109491 0.01660635
0.01704638 0.005737202 -0.0623031 0.02954844 0.02452184 -0.05459501 -0.09756213
-0.02361283 -0.001660946 0.05414962 0.009467492 0.03587624 -0.02395367 -0.04209737
-0.05240255 -0.03731578 0.04898382 0.06108532 0.006598032 0.02922386 0.0053545
-0.1116587 -0.1035438 0.06318403 -0.04743875 -0.006840018 -0.02315873 -0.01297154
0.04571717 0.04362863 -0.01955457 0.02573443 0.05327129 -0.02001284 -0.08880464
-0.001865951 -0.01491964 -0.0911347 -0.07776393 -0.04352862 -0.1002856 -0.05414491
0.01091883 0.01135833 -0.02933697 0.06783524 0.0227601 0.01885244 -0.02522825
0.04385102 0.0534821 0.01876165 0.03597079 -0.05726921 -0.03977876 -0.02163292
0.01625106 0.02879589 0.008669275 -0.008891369 -0.008907525 -0.01696429 -0.0285325
0.002184023 0.01132367 0.03101038 -0.02292607 -0.03364963 -0.04590144 -0.01674647
-0.01553723 -0.02879294 -0.006697356 0.002521082 -0.04100022 -0.05012182 -0.004291731
-0.04043993 -0.04459842 0.01223482 0.0100117 -0.01806009 0.01040519 0.02031189
-0.0447453 -0.04796045 0.01924577 -0.05045061 -0.03615698 -0.05670447 -0.04290921
-0.03904784 -0.0295108 0.02309944 -0.05493971 -0.01171037 -0.002545653 -0.01653664
-0.07588493 -0.08099801 -0.01106651 0.005136337 0.004654623 -0.01762985 -0.05337263
-0.000186151 0.01282665 0.02637123 -0.05548381 -0.009940794 -0.0199772 0.002828833
0.05255997 0.04298724 -0.0710828 0.007862507 0.02089756 0.08039619 0.07800355
-0.028804 -0.03702719 -0.04729503 -0.06013017 -0.007917695 -0.07562258 -0.1041595
0.002224384 -0.0006543736 -0.02321669 0.07476089 0.03205999 0.01903598 -0.004492279
-0.03191554 -0.0328376 -0.04168523 -0.03518509 0.01172109 0.03725237 0.03690307
0.01410789 0.02953792 0.01421861 0.002292482 -0.02562123 -0.03122506 0.006581637
0.0413018 0.0334724 -0.01092496 0.008819848 -0.03281311 -0.0187489 -0.00476809
0.02255746 0.0227296 0.01884529 -0.0138063 0.003560638 0.03296155 0.04138014
-0.03693547 -0.01759272 0.009054399 0.05088466 0.0494645 0.03567606 0.002731523
-0.02154284 -0.03997572 -0.002123133 -0.02117063 0.03234266 -0.05664498 -0.07703265
0.02969805 0.02776729 0.003028782 0.0374835 0.01941778 0.02837435 0.01286693
-0.04914081 -0.05054652 -0.02315021 -0.007917931 -0.02535324 -0.03095209 -0.009206306
-0.009600793 -0.01682622 -0.04361662 -0.01744189 0.006114592 0.0206602 0.003391472
0.02678322 0.02093155 0.002649991 0.01127892 -0.02728569 0.01970043 0.03106718
0.01727558 0.01698177 -0.04146772 -0.02226884 -0.03392706 -0.001208334 0.04500632
0.00646615 -0.009548821 -0.06160359 0.03538684 0.02934193 -0.03995029 -0.05627966
0.01637514 0.02773312 -0.007262081 0.06399306 0.05768625 0.03069361 -0.007717146
-0.008217468 -0.01307155 0.008030717 0.008344953 -0.0132101 0.03634969 0.06566549
0.03270694 0.01620772 -0.03453639 -0.06138789 -0.02832109 -0.01541287 0.01838562
-0.07128428 -0.0730989 0.03352042 0.025752 0.02134363 0.006411483 -0.01946678
-0.02533166 -0.04884433 -0.02490375 -0.07148616 -0.02505525 -0.04399952 -0.01618914
0.01079785 0.01999789 0.01998604 -0.00974399 -0.04633797 0.01940936 0.04752656
-0.03060933 -0.03715174 0.001956476 0.06953595 -0.01390767 0.01007923 0.009657344
0.04507687 0.0427466 0.0197908 0.04908061 0.06419783 0.05532135 -0.01353509
0.03059846 0.03762823 0.02163501 -0.007104552 -0.02041696 -0.006975127 0.03261934
0.02398823 0.02956025 0.009476011 0.04172792 -0.01754693 -0.02411551 -0.005913825
0.07758338 0.07402807 -0.005981452 0.03900449 0.01000994 0.01037101 -0.009704321
-0.002691162 0.01006289 0.04369119 0.02557003 -0.004804027 0.01969874 0.00503841
-0.03550373 -0.04361341 0.02457284 0.03754022 -0.006632195 0.0383899 0.04429417
0.03042697 0.03472502 -0.004629691 0.02537913 0.003051384 0.06515718 0.08268685
0.02749046 0.02899588 0.0183152 0.03119331 0.05603737 -0.01685363 -0.07584943
-0.06120604 -0.06149457 -0.01611207 -0.05726424 0.01119372 -0.06205987 -0.1032681
-0.0006304063 -0.002063554 -0.01702928 -0.09686563 -0.02045508 -0.02787245 0.008332425
0.06951184 0.07820058 0.03397906 0.0707615 0.007986409 0.02075899 0.04612368
-0.0001791838 -0.01318091 -0.03566108 -0.04294983 -0.0325412 -0.0263324 -0.004931013
-0.1423696 -0.1289255 0.08652874 -0.0205501 -0.04384591 -0.04878852 -0.008674807
-0.08382362 -0.07731337 0.0515705 -0.06000851 0.01188257 0.0003386901 -0.01298087
-0.00984973 -0.02941063 -0.09621533 -0.03570526 -0.004150978 -0.02232488 -0.02004859
-0.02162621 -0.01125134 0.07400695 -0.007166224 -0.02753328 0.04877253 0.09857694
-0.004181857 -0.009110369 -0.03189674 -0.04475432 -0.01786295 -0.01795503 0.009098685
0.03566033 0.04535027 0.01794659 0.01320557 -0.01288807 0.001001551 0.01449081
-0.03995677 -0.04228602 -0.04923931 -0.005951558 -0.03529915 -0.03442296 0.02196341
-0.03667113 -0.03734382 -0.004196178 0.09975123 0.02050354 0.07024459 0.057468
0.01396953 0.0102844 0.02275084 0.02792696 0.0267436 -0.004875189 -0.05640905
0.004496544 0.0004478088 0.02062522 -0.01916711 -0.006094885 0.002653433 0.0006723774
0.006961033 0.02069124 0.02519405 -0.008708439 -0.02736693 0.0341976 0.08337232
0.06569443 0.06949111 -0.0191498 0.05232222 0.03498 0.02608242 -0.01896349
0.05592437 0.05769765 0.01621601 0.04712765 -0.01465215 0.08475421 0.09803656
-0.02100081 -0.04582774 -0.04355295 -0.001417465 0.004166282 -0.02985604 -0.03428835
-0.03184215 -0.03193904 0.01387253 0.02134966 0.008385215 -0.02442566 -0.05383613
-0.04013612 -0.02842558 0.01880521 0.05116449 -0.02308157 0.06506258 0.1187567
-0.09989286 -0.08767788 0.03566742 0.01618229 -0.01026769 0.02619218 0.05925603
0.03360972 0.02559725 -0.0578168 0.006807814 0.03338175 0.001820797 -0.02809413
0.002064025 -0.003321671 -0.03370464 0.03376154 0.02019551 0.0123325 -0.006091633
0.01618783 0.0145944 -0.02145782 0.03333554 0.01265774 -0.007071743 -0.01144889
-0.00759849 0.007863067 0.05137273 0.02160129 -0.02123534 -0.004996086 0.03787255
-0.04575405 -0.03007137 0.06826784 0.04123118 0.0008947259 0.04725424 0.05204921
0.004888429 0.01304578 -0.01085596 -0.01651657 0.05027334 -0.02920796 -0.08115861
0.07518375 0.06973641 -0.05571537 -0.02087399 -0.02437406 0.01342446 0.05558999
0.04834387 0.05430749 0.04270253 0.02570155 0.01840589 0.05009535 0.03974188
-0.0302788 -0.04186515 -0.03098436 -0.07759929 -0.01111895 -0.05075205 -0.04245
0.06547702 0.04157242 -0.1049939 -0.02817588 -0.02993224 -0.04506685 -0.04063189
-0.01099627 -0.02016054 0.01333138 -0.009781649 -0.01419684 -0.004459063 0.0317321
0.02844325 0.02853625 0.02973081 -0.004214292 -0.03261307 -0.01420364 0.004883249
-0.1086577 -0.1072639 0.002758689 -0.009863364 -0.05324113 -0.0012847 0.07481149
-0.02869177 -0.02477948 0.02827454 0.01106227 0.03025149 0.009008238 -0.01539119
0.007333083 0.01554585 0.05143144 0.05933708 0.01185946 0.004685904 -0.01544431
-0.06198855 -0.05964382 0.003866485 -0.02726376 0.0002187274 0.008968962 0.02301738
-0.01825742 -0.01858268 -0.01298682 -0.01904365 0.01145532 -0.003792825 -0.03692414
0.05617058 0.06216615 -0.005305919 0.0383092 -0.0006431449 0.04243735 0.07444251
-0.05075969 -0.04786252 0.0373391 0.04279744 0.004948285 0.02100078 0.0152141
0.02831362 0.0364861 0.04524157 -0.04101535 -0.005184351 -0.03577774 -0.04953
0.05864046 0.05965868 -0.00702969 0.0312219 -0.05041596 0.004178089 0.06570129
-0.09046937 -0.09454016 -0.06443767 -0.1289429 -0.0380422 -0.01844736 0.02384234
-0.03408325 -0.01961323 0.09517073 6.695625e-05 -0.02384505 0.02501983 0.06208849
-0.03737314 -0.03811116 0.00441329 -0.04064153 0.004478502 0.01188981 -0.005299618
0.003217823 0.009622026 0.00449654 -0.003986147 0.02396669 0.0220621 0.01319259
0.07659278 0.07185746 -0.01544312 0.009744632 0.06203948 -0.03859463 -0.113294
-0.04711025 -0.0450667 -0.01694924 0.02434136 0.01469381 -0.008459769 -0.0568401
0.03933506 0.03891453 -0.002701287 0.01762202 -0.0237011 -0.05049457 -0.02624321
0.1305566 0.1236073 -0.1015636 -0.01002077 0.002389459 -0.0501433 -0.05818729
-0.01502467 -0.02158309 -0.001230638 -0.01248861 -0.01159198 0.01610558 0.02714458
-0.05116616 -0.06206691 -0.03759834 0.04434024 0.01081166 0.03184857 0.05531206
-0.03814356 -0.02532582 0.04028051 0.02827266 0.04277579 0.04844483 0.01844489
-0.07443148 -0.06771895 0.03176465 0.01359358 0.003956079 0.01752492 0.0361248
0.007070632 0.01765299 -0.01649239 -0.01354321 0.004596129 -0.0313754 -0.07218122
0.04950296 0.04050075 -0.01458252 0.0797637 0.02215611 0.02141193 -0.006609981
-0.03412172 -0.0249311 0.01869345 0.005585756 0.0163279 0.01383723 -0.004476139
0.01076254 0.01061848 -0.002420832 -0.04872133 -0.0003875691 0.06996934 0.110131
-0.04365799 -0.03718568 0.01277856 -0.04192839 -0.004922764 0.001407714 0.03479543
0.04281264 0.04030113 -0.0435485 -0.01818918 -0.01959861 0.03696362 0.07768457
-0.004859964 0.002947762 0.0104134 -0.01063065 -0.04323641 -0.02441701 0.02478751
-0.0502187 -0.03195081 0.05115923 -0.03695421 0.02168335 0.003495919 -0.03390513
-0.02073905 -0.03306214 -0.01768732 -0.04494582 -0.04833541 -0.04697645 -0.004867619
0.01755946 0.02047552 -0.02962335 -0.01997808 0.01139413 -0.02688485 -0.0537758
0.001347861 0.01970177 0.01340803 -0.01267091 -0.00121235 0.03094207 0.03726531
0.07725994 0.08832491 -0.02566718 0.01007506 0.03509228 0.04997251 0.007343721
-0.04440339 -0.03824449 0.00785321 -0.02164473 0.003778494 -0.05058484 -0.05136568
0.01035566 0.0001227979 -0.03527484 -0.009631914 0.007670069 0.06162577 0.06177667
0.02777115 -0.00491844 -0.08452272 -0.0005326244 0.02231396 0.04430118 0.006585547
0.004516511 0.01744478 0.03520457 0.001167204 0.02544658 -0.02787538 -0.04984679
0.06816372 0.06765398 0.02821234 0.09145673 0.04495515 0.007216438 -0.07181718
0.03856198 0.05127249 0.01993187 -0.001623707 -0.009639633 0.025264 0.05026399
-0.03756815 -0.0179276 0.05719609 0.0233571 0.03259479 0.005022257 -0.03930561
-0.1111244 -0.09926237 0.04553921 -0.08008723 -0.0403183 -0.03645778 -0.009274087
0.04784084 0.04235705 -0.03532653 0.008880532 0.02394087 -0.04636151 -0.08478752
-0.1026899 -0.1224322 -0.006276839 -0.02987287 0.03669131 -0.03522664 -0.06648263
-0.001344807 0.005648501 0.03049102 -0.01311524 0.01195679 0.05260497 0.07438611
0.006308434 0.005280596 0.005657873 -0.006846188 -0.003882818 0.01968778 0.02523716
-0.0408105 -0.01957245 0.04408697 0.0004994728 -0.01547333 -0.01686858 0.01708573
0.0504132 0.05192244 0.02761019 0.04752971 -0.03918756 -0.02315286 0.01816745
0.02970158 0.02666369 -0.0178156 -0.004097183 0.003040373 -0.04130989 -0.04055855
0.02869603 0.04119595 -0.002428239 -0.002828548 -0.03252968 0.02818942 0.05497761
-0.07669212 -0.09552066 -0.01744137 -0.03788881 0.02534057 -0.0239693 -0.06379474
-0.005361328 -0.005420388 -0.01514103 0.01858565 0.02765027 0.003799644 -0.03574821
0.01110721 0.02452317 0.02318357 -0.02607244 -0.001520506 -0.05807354 -0.04378486
0.01728709 0.02170479 -0.02575407 -0.0185187 0.02730755 0.006932932 -0.04106464
-0.02298448 -0.01995484 0.04827372 -0.006626681 -0.01270808 0.027046 0.06266016
0.06414054 0.05521558 -0.02786567 0.02115761 -0.01093568 -0.03696628 -0.03998097
0.04930551 0.05862215 0.01926225 0.045923 -0.01712602 0.06549001 0.109014
0.01636431 0.02563382 -0.02814881 -0.02874413 -0.03154374 -0.008011498 0.0400893
0.04983363 0.03112503 -0.02117542 -0.001681604 0.03918703 0.006885109 -0.03339954
0.01955952 0.03606247 0.05009408 0.03289929 0.01318671 -0.004633619 -0.01957837
-0.0040566 -0.01374751 0.005832292 0.005016827 0.001949262 -0.04445826 -0.02169178
0.07268489 0.07877106 -0.01919069 0.03672044 0.01140965 -0.006496317 -0.02889517
-0.006122119 -0.01234338 -0.02574462 -0.05147552 -0.0307747 -0.07580936 -0.1094063
-0.01029249 -0.02112951 -0.04126985 -0.01258732 -0.0170833 -0.03267229 -0.01694288
-0.01899473 -0.02131842 -0.0122619 0.04702999 0.02772622 0.03883506 0.01893924
0.03830734 0.05002505 0.01516318 0.007815452 0.03555831 0.0282936 -0.001964726
-0.01395567 -0.006606758 0.01616641 0.04205414 -0.003572203 0.01356814 0.04758375
-0.06512685 -0.03984796 0.04796087 0.02909289 0.06082832 0.04950254 0.0166976
-0.003636801 -0.003208135 -0.0005457057 0.0165586 0.03201975 -0.05919562 -0.1147473
-0.02193003 -0.02328658 -0.04631284 -0.06254862 -0.005738888 -0.07487637 -0.06536624
0.03584257 0.06186888 0.02873935 0.07969913 0.009507768 0.01005284 -0.01047996
-0.001595009 -0.004247455 -0.006520517 0.002112934 0.03435237 -0.02419324 -0.09050237
-0.001077341 -0.007477527 -0.0005872458 0.01430302 0.01617162 0.007087512 -0.01479304
0.0161281 0.02231903 0.008816969 0.03150765 0.01788837 -0.01801031 -0.06949362
-0.0335396 -0.05176057 -0.05251627 -0.07400114 -0.02427865 -0.0289554 -0.002950796
0.05860248 0.06144572 0.04427452 0.07083335 0.001690568 0.02087444 0.006268815
0.02997806 0.03769873 0.05184292 0.08951315 0.01967312 0.06568545 0.06374606
-0.01972332 0.001327745 0.07808908 -0.02306113 -0.01382636 0.006099194 0.03999122
-0.0444702 -0.06058803 -0.07974758 0.02311679 0.02339792 0.0002825896 -0.01588889
-0.07488929 -0.06583889 0.01487072 -0.01215387 0.03021072 0.05808098 0.02907435
0.02548412 0.03083686 0.01530023 0.01014711 -0.003129912 0.05100358 0.07089178
-0.02831573 -0.006691689 0.08435914 0.001928546 -0.01381237 -0.03894195 -0.03791358
0.07723922 0.1006609 0.07509247 0.03582564 0.02614876 0.05727748 0.06641458
0.03935352 0.04957013 0.01052616 0.08608848 0.04995834 0.02858795 -0.01649634
