-1642.994
-1642.705
-1713.326
-1584.087
-1623.638
-1640.301
-1655.379
-1613.067
-1558.17
-1557.032
-1597.32
-1623.704
-1684.535
-1672.593
-1636.556
-1589.866
-1589.858
-1599.424
-1641.446
-1583.064
-1583.768
-1581.895
-1636.174
-1670.988
-1700.483
-1630.873
-1637.339
-1629.11
-1591.995
-1638.73
-1646.26
-1616.362
-1575.382
-1548.723
-1525.135
-1669.925
-1658.899
-1637.571
-1581.113
-1580.34
-1583.745
-1634.059
-1597.069
-1599.416
-1590.652
-1560.644
-1578.546
-1586.782
-1569.563
-1561.525
-1566.589
-1518.371
-1669.142
-1647.919
-1560.828
-1597.336
-1619.272
-1662.074
-1677.21
-1685.716
-1692.647
-1618.737
-1579.767
-1572.966
-1510.669
-1588.717
-1666.873
-1603.837
-1658.956
-1670.297
-1673.088
-1655.828
-1635.385
-1646.096
-1582.039
-1627.19
-1673.031
-1665.616
-1682.781
-1692.372
-1714.478
-1691.509
-1652.455
-1600.655
-1662.424
-1649.272
-1638.739
-1581.713
-1601.156
-1607.274
-1615.253
-1676.782
-1641.243
-1603.345
-1604.013
-1673.646
-1692.05
-1688.804
-1649.625
-1652.094
-1674.384
-1739.042
-1659.784
-1636.422
-1648.962
-1672.263
-1636.387
-1526.83
-1609.914
-1622.748
-1613.534
-1635.904
-1644.746
-1616.308
-1635.033
-1635.855
-1751.816
-1642.57
-1636.867
-1638.163
-1621.075
-1536.596
-1541.468
-1538.695
-1648.41
-1617.414
-1601.712
-1643.91
-1694.774
-1706.784
-1676.943
-1693.954
-1559.581
-1501.735
-1569.209
-1629.721
-1596.499
-1667.992
-1573.326
-1633.542
-1627.039
-1694.415
-1595.303
-1617.317
-1615.042
-1650.883
-1686.364
-1678.629
-1708.447
-1650.643
-1686.705
-1683.379
-1729.389
-1654.091
-1675.444
-1683.654
-1730.956
-1706.686
-1701.023
-1708.409
-1653.411
-1681.398
-1710.945
-1649.529
-1634.299
-1726.272
-1695.668
-1662.068
-1608.715
-1673.09
-1681.509
-1703.261
-1697.791
-1623.109
-1760.616
-1643.452
-1693.185
-1647.129
-1669.761
-1681.326
-1576.616
-1656.271
-1662.585
-1681.272
-1700.433
-1666.817
-1572.452
-1654.876
-1645.563
-1665.684
-1659.197
-1702.978
-1681.78
-1644.241
-1623.59
-1594.625
-1607.911
-1665.846
-1580.951
-1643.586
-1633.37
-1616.378
-1563.944
-1649.235
-1628.797
-1623.265
-1655.852
-1613.356
-1715.115
-1694.525
-1727.371
-1661.683
-1660.383
-1685.691
-1639.23
-1609.974
-1614.546
-1651.096
-1596.956
-1593.969
-1626.211
-1613.397
-1621.733
-1732.238
-1648.068
-1578.37
-1600.828
-1696.055
-1574.204
-1622.74
-1660.859
-1644.747
-1635.84
-1648.085
-1551.097
-1615.056
-1589.109
-1619.537
-1617.011
-1576.492
-1672.13
-1621.847
-1693.286
-1593.642
-1668.905
-1643.482
-1682.299
-1630.151
-1608.035
-1595.361
-1639.211
-1657.274
-1701.018
-1679.04
-1628.572
-1561.417
-1585.148
-1609.486
-1645.962
-1612.238
-1597.325
-1568.219
-1630.408
-1655.3
-1683.479
-1602.184
-1612.263
-1602.638
-1569.051
-1623.715
-1604.03
-1613.416
-1569.483
-1545.324
-1535.704
-1686.526
-1667.064
-1606.337
-1570.806
-1570.996
-1595.111
-1638.673
-1589.325
-1597.564
-1606.94
-1561.529
-1610.263
-1589.287
-1555.974
-1553.912
-1558.853
-1495.252
-1681.623
-1645.946
-1570.212
-1634.494
-1644.376
-1697.144
-1687.552
-1695.201
-1715.766
-1642.709
-1593.079
-1591.429
-1545.118
-1604.218
-1651.131
-1602.936
-1644.251
-1662.739
-1640.43
-1626.278
-1608.298
-1613.424
-1553.709
-1634.253
-1669.421
-1642.553
-1680.375
-1706.733
-1711.293
-1668.008
-1634.905
-1589.132
-1652.501
-1630.639
-1622.806
-1571.347
-1595.451
-1594.102
-1620.156
-1689.613
-1650.389
-1597.234
-1609.277
-1698.857
-1696.065
-1665.027
-1643.957
-1613.794
-1647.152
-1741.921
-1676.668
-1627.959
-1651.032
-1669.022
-1638.077
-1546.89
-1636.152
-1641.305
-1653.337
-1644.962
-1639.777
-1613.482
-1636.391
-1645.154
-1760.884
-1654.192
-1608.84
-1606.373
-1594.453
-1543.679
-1561.858
-1537.357
-1652.912
-1632.774
-1587.009
-1643.161
-1673.232
-1712.001
-1678.302
-1669.362
-1555.605
-1498.749
-1551.99
-1625.843
-1606.62
-1660.848
-1599.311
-1652.224
-1618.683
-1690.051
-1606.244
-1644.489
-1637.942
-1665.944
-1687.4
-1684.809
-1728.733
-1651.954
-1667.372
-1684.226
-1733.273
-1646.157
-1722.655
-1710.21
-1751.185
-1696.124
-1693.27
-1715.531
-1663.891
-1689.307
-1728.967
-1676.296
-1654.964
-1746.962
-1685.73
-1655.917
-1609.974
-1679.113
-1672.011
-1669.418
-1663.314
-1591.92
-1720.261
-1617.325
-1694.787
-1643.925
-1678.478
-1693.046
-1605.38
-1699.567
-1639.714
-1675.079
-1693.953
-1644.645
-1547.476
-1655.445
-1667.987
-1710.329
-1664.861
-1719.072
-1694.905
-1660.082
-1624.754
-1590.271
-1629.597
-1687.184
-1623.563
-1683.276
-1647.451
-1628.777
-1570.597
-1637.573
-1591.828
-1601.394
-1596.379
-1580.478
-1703.085
-1693.832
-1734.698
-1666.61
-1647.322
-1661.594
-1660.301
-1622.706
-1603.738
-1669.88
-1593.446
-1611.392
-1638.879
-1606.814
-1637.83
-1740.83
-1639.481
-1588.635
-1601.009
-1682.584
-1547.734
-1606.581
-1633.098
-1661.57
-1617.047
-1626.541
-1539.302
-1621.718
-1615.632
-1645.779
-1617.523
-1585.056
-1661.811
-1621.822
-1710.453
-1600.666
-1638.522
-1636.217
-1668.33
-1620.112
-1605.689
-1597.804
-1634.131
-1674.466
-1719.004
-1670.807
-1637.59
-1585.268
-1604.669
-1617.63
-1654.255
-1614.007
-1590.114
-1566.068
-1641.296
-1671.354
-1700.66
-1605.381
-1611.991
-1626.088
-1574.202
-1627.292
-1622.725
-1641.77
-1576.546
-1559.834
-1546.941
-1692.473
-1683.012
-1625.487
-1599.138
-1571.967
-1585.813
-1636.721
-1586.512
-1574.961
-1580.925
-1546.522
-1572.446
-1569.206
-1535.205
-1539.742
-1545.311
-1498.94
-1688.341
-1634.183
-1577.034
-1638.944
-1650.471
-1719.109
-1711.135
-1716.645
-1719.817
-1644.072
-1581.964
-1557.834
-1532.406
-1586.804
-1640.323
-1590.17
-1655.518
-1676.049
-1637.693
-1627.301
-1634.864
-1632.085
-1554.959
-1649.358
-1679.224
-1661.21
-1696.858
-1702.892
-1707.214
-1672.971
-1616.383
-1597.98
-1671.237
-1656.133
-1643.415
-1594.965
-1613.105
-1603.007
-1609.943
-1668.801
-1632.801
-1596.988
-1606.78
-1691.022
-1702.058
-1670.588
-1659.979
-1619.233
-1635.248
-1734.186
-1660.192
-1633.468
-1652.405
-1661.483
-1623.814
-1543.675
-1624.319
-1618.693
-1622.194
-1646.247
-1645.605
-1618.287
-1623.007
-1656.707
-1746.579
-1646.545
-1616.935
-1610.472
-1591.827
-1529.625
-1552.118
-1525.984
-1632.148
-1620.303
-1585.518
-1617.121
-1666.451
-1703.793
-1663.062
-1657.64
-1538.547
-1498.97
-1573.25
-1638.95
-1604.739
-1667.262
-1602.29
-1657.599
-1630.441
-1700.132
-1600.525
-1628.895
-1635.693
-1643.651
-1685.533
-1675.632
-1737.136
-1653.657
-1681.18
-1686.99
-1752.442
-1653.648
-1716.305
-1706.49
-1725.635
-1715.547
-1700.629
-1710.661
-1650.714
-1675.832
-1732.344
-1682.921
-1655.363
-1755.215
-1691.06
-1665.713
-1623.573
-1678.411
-1695.77
-1699.186
-1685.201
-1622.232
-1732.22
-1645.124
-1712.888
-1654.024
-1688.276
-1691.58
-1601.066
-1706.669
-1648.849
-1664.213
-1679.528
-1669.303
-1557.333
-1659.519
-1662.424
-1735.249
-1673.222
-1697.571
-1719.076
-1682.495
-1638.405
-1618.718
-1675.733
-1687.873
-1627.556
-1675.309
-1637.689
-1630.662
-1584.987
-1636.242
-1592.575
-1595.144
-1583.791
-1562.566
-1667.369
-1659.602
-1709.966
-1660.515
-1633.588
-1649.185
-1618.723
-1605.988
-1592.514
-1637.828
-1561.166
-1583.251
-1627.098
-1597.635
-1629.96
-1745.785
-1634.519
-1606.934
-1580.296
-1673.886
-1533.186
-1595.917
-1634.75
-1651.175
-1628.49
-1633.27
-1545.949
-1610.894
-1604.83
-1643.203
-1615.857
-1598.598
